./posdata/1.jpg 3 1720 1310 988 1012    1871 122 443 388    2271 307 391 335    
./posdata/3.jpg 1 657 236 1563 1877    
./posdata/6.jpg 1 1240 925 762 977    
./posdata/8.jpg 1 1571 1127 571 526    
./posdata/9.jpg 2 1480 519 1008 1383    2960 536 688 1011    
./posdata/13.jpg 1 925 913 823 803    
./posdata/14.jpg 1 425 507 2120 1495    
./posdata/15.jpg 1 881 1196 1081 850    
./posdata/19.jpg 1 1565 876 720 703    
./posdata/21.jpg 1 882 1005 1106 1422    
./posdata/22.jpg 1 1922 785 743 702    
./posdata/24.jpg 1 1188 590 949 1255    
./posdata/28.jpg 2 1397 599 1005 837    2211 7 649 538    
./posdata/29.jpg 2 1642 782 1032 943    2020 236 797 583    
./posdata/31.jpg 2 1502 1142 555 474    3371 530 277 412    
./posdata/32.jpg 2 1597 650 634 606    2154 5 326 291    
./posdata/33.jpg 1 554 639 1860 1531    
./posdata/37.jpg 2 2977 830 671 800    1477 770 874 937    
./posdata/39.jpg 1 1774 1036 348 380    
./posdata/42.jpg 3 1611 1016 789 694    2002 385 575 445    2280 45 377 437    
./posdata/43.jpg 1 714 82 1946 1628    
./posdata/44.jpg 1 731 333 1623 1474    
./posdata/46.jpg 1 1337 1216 908 1020    
./posdata/48.jpg 1 1857 1079 451 374    
./posdata/50.jpg 2 1560 699 628 574    2071 130 349 509    
./posdata/53.jpg 1 1297 250 1097 1272    
./posdata/55.jpg 1 993 773 1311 1212    
./posdata/58.jpg 2 1537 796 843 891    3197 613 451 643    
./posdata/59.jpg 3 1560 1036 860 686    1908 436 543 429    2157 159 331 354    
./posdata/61.jpg 1 1011 679 1040 1180    
./posdata/62.jpg 1 1317 745 1651 1508    
./posdata/65.jpg 3 1465 816 569 523    1840 333 265 434    2897 242 474 440    
./posdata/68.jpg 1 1534 633 1891 1489    
./posdata/69.jpg 1 1531 1079 874 651    
./posdata/70.jpg 1 1820 999 457 388    
./posdata/72.jpg 1 1057 259 1040 1443    
./posdata/74.jpg 1 1145 1076 1035 923    
./posdata/77.jpg 1 1765 1193 360 534    
./posdata/78.jpg 1 1354 1007 534 443    
./posdata/81.jpg 1 1677 1716 997 1020    
./posdata/82.jpg 3 1777 1056 505 451    3174 299 431 360    2974 85 394 328    
./posdata/84.jpg 1 697 647 2085 1840    
./posdata/86.jpg 1 1602 185 1218 1505    
./posdata/88.jpg 1 1285 1216 1083 977    
