0 0.699479 0.596956 0.043750 0.095829
0 0.708594 0.772266 0.075521 0.151071
0 0.867969 0.568771 0.036979 0.113867
0 0.801562 0.341037 0.039583 0.077790
0 0.693750 0.363585 0.035417 0.066516
0 0.451042 0.550733 0.051042 0.131905
0 0.387240 0.703495 0.057813 0.148816
0 0.240625 0.585118 0.044792 0.105975
0 0.308594 0.470124 0.040104 0.105975
0 0.154948 0.731680 0.039062 0.083427
0 0.114062 0.909808 0.089583 0.164600
0 0.949219 0.781849 0.089063 0.192785
0 0.896875 0.280158 0.033333 0.059752
0 0.948177 0.328072 0.022396 0.081172
0 0.518750 0.330327 0.043750 0.081172
0 0.370833 0.354002 0.041667 0.067644
0 0.401042 0.420519 0.037500 0.072153
0 0.371094 0.492108 0.041146 0.086809
0 0.675000 0.246336 0.046875 0.089064
0 0.747917 0.227734 0.023958 0.056370
0 0.824479 0.173055 0.030208 0.043968
0 0.552344 0.234498 0.030729 0.072153
0 0.489063 0.244081 0.028125 0.059752
0 0.472135 0.279594 0.028646 0.063134
0 0.450260 0.319617 0.027604 0.057497
0 0.440625 0.359639 0.038542 0.072153
0 0.406250 0.313980 0.033333 0.075536
0 0.659115 0.171928 0.032813 0.082300
0 0.725521 0.164036 0.020833 0.066516
0 0.246094 0.382187 0.032813 0.067644
0 0.206771 0.447012 0.035417 0.068771
0 0.131771 0.521421 0.035417 0.084555
0 0.065104 0.604848 0.041667 0.098083
0 0.286979 0.334837 0.022917 0.072153
0 0.318750 0.307779 0.026042 0.063134
0 0.794010 0.153326 0.021354 0.065389
0 0.960417 0.147125 0.021875 0.075536
0 0.511458 0.143743 0.025000 0.050733
0 0.101302 0.403608 0.035937 0.081172
0 0.070052 0.506201 0.029687 0.058625
