0 0.470625 0.691892 0.048750 0.091892
0 0.474375 0.871622 0.041250 0.127027
0 0.708125 0.855405 0.053750 0.197297
0 0.978125 0.651351 0.043750 0.254054
0 0.888750 0.525676 0.045000 0.132432
0 0.760625 0.352703 0.036250 0.056757
0 0.820625 0.470270 0.036250 0.075676
0 0.920625 0.404054 0.031250 0.078378
0 0.988750 0.452703 0.022500 0.100000
0 0.630625 0.437838 0.046250 0.081081
0 0.516250 0.389189 0.050000 0.075676
0 0.351875 0.567568 0.046250 0.091892
0 0.303750 0.678378 0.037500 0.081081
0 0.237500 0.886486 0.057500 0.097297
0 0.425625 0.382432 0.028750 0.078378
0 0.146250 0.497297 0.025000 0.097297
0 0.032500 0.579730 0.050000 0.116216
0 0.242500 0.386486 0.022500 0.075676
0 0.212500 0.437838 0.037500 0.108108
0 0.152500 0.377027 0.040000 0.100000
0 0.047500 0.429730 0.035000 0.091892
0 0.102500 0.437838 0.035000 0.097297
0 0.358750 0.275676 0.025000 0.097297
0 0.460625 0.277027 0.021250 0.067568
0 0.517500 0.297297 0.027500 0.064865
0 0.440625 0.320270 0.026250 0.067568
0 0.601875 0.340541 0.036250 0.086486
0 0.303125 0.268919 0.021250 0.062162
0 0.190000 0.316216 0.030000 0.075676
1 0.617500 0.241892 0.030000 0.067568
1 0.665000 0.348649 0.050000 0.091892
1 0.711875 0.482432 0.068750 0.121622
1 0.766250 0.621622 0.115000 0.129730
1 0.350000 0.420270 0.045000 0.078378
1 0.410625 0.310811 0.018750 0.059459
1 0.451875 0.229730 0.026250 0.054054
